--- -- ----------------------------------------------- -- -----------------------------------------
ct |t1| coeff[16]                                     |tz| run_before[14]                          |
--- -- ----------------------------------------------- -- -----------------------------------------
                        
 16  3 28 28 28 28 28 28 28 28 28 28 28 28 28 28 28 28  9 11 10  9  8  7  6  5  4  3  3  3  2  2  1
													    
                                                         17 13 12 11 10  9  8  7  6  5  5  4  3  2
													    
                                                          19 15 14 13 12 11 10  8  7  7  6  4  3
						                                  
                                                           20 17 16 15 14 13 10  9  9  8  6  4
						                                  
                                                            22 19 18 17 16 13 11 11 10  8  6
						                                  
                                                             25 21 20 19 16 13 13 12 10  8
						                                  
                                                              27 23 22 19 16 15 14 12 10
						                                  
                                                               29 25 22 19 17 16 14 12
						                                  
                                                                30 25 22 19 18 16 14
						                                  
                                                                 30 25 22 20 18 16
						                                  
                                                                  30 25 22 20 18
						                                  
                                                                   30 25 22 20
						                                  
                                                                    30 25 22
						                                  
                                                                     30 25
						                                  
                                                                      30
						                                  





